0.000000
0.000000
0.000000
0.000000
0.000000
0.000000
0.000000
0.000000
0.000000
0.000000
0.000000
0.000000
0.000000
0.000000
0.000000
0.000000
0.000000
0.000000
0.000000
0.000000
0.042084
0.000000
0.000000
0.000000
0.036370
0.140878
0.024539
0.107284
0.023576
0.087807
0.005627
0.006898
0.023117
0.098849
0.014382
0.205508
0.006722
0.007219
0.001966
0.023421
0.006615
0.026896
0.001378
0.001047
0.015744
0.041503
0.040608
0.112268
0.036964
0.071034
0.000000
0.139669
0.013617
0.068776
0.039500
0.000000
0.037760
0.049533
0.000000
0.000000
0.047060
0.120955
0.046206
0.158985
0.062822
0.195126
0.004900
0.004242
0.045717
0.139636
0.039601
0.183700
0.026734
0.088850
0.031009
0.103538
0.048831
0.175256
0.002192
0.002247
0.077008
0.227858
0.112058
0.554422
0.000000
0.014709
0.000000
0.016693
0.002448
0.010492
0.004684
0.002795
0.000000
0.000000
0.000000
0.000000
0.015274
0.100471
0.025323
0.173482
0.031096
0.197303
0.003566
0.003131
0.029570
0.196734
0.054705
0.320838
0.026804
0.094188
0.043911
0.158195
0.102424
0.243519
0.001530
0.003245
0.099155
0.214753
0.094380
0.333250
0.025952
0.050578
0.008063
0.173247
0.020031
0.100193
0.012319
0.020706
0.019753
0.144351
0.000000
0.119022
0.015687
0.054668
0.017865
0.078769
0.022589
0.083377
0.002549
0.003425
0.021110
0.088959
0.016854
0.124415
0.000000
0.006408
0.026532
0.035261
0.004117
0.012480
0.000000
0.000000
0.000000
0.000000
0.069239
0.000000
0.031796
0.114697
0.031643
0.150416
0.038455
0.153303
0.005883
0.006006
0.029397
0.157277
0.022591
0.253673
0.026219
0.078791
0.016380
0.068740
0.010151
0.058943
0.006501
0.006728
0.009455
0.072826
0.007002
0.114073
0.023647
0.104406
0.022823
0.114961
0.060179
0.204442
0.003839
0.002208
0.085347
0.288433
0.133118
0.526393
0.018444
0.051718
0.017127
0.085163
0.038068
0.157026
0.002079
0.006516
0.072198
0.259385
0.095053
0.543051
0.016620
0.056649
0.020674
0.078513
0.015169
0.073974
0.000000
0.000000
0.025090
0.073732
0.000000
0.039053
0.020063
0.100972
0.024687
0.148536
0.044582
0.200897
0.003924
0.003425
0.048339
0.223458
0.068542
0.364218
0.016139
0.045430
0.027321
0.074403
0.049902
0.153225
0.003851
0.001291
0.060522
0.158754
0.088986
0.245395
0.045697
0.089802
0.022839
0.079416
0.013050
0.062519
0.010394
0.014036
0.013385
0.070923
0.009320
0.114538
0.000639
0.001963
0.000366
0.001568
0.000227
0.001495
0.000101
0.000291
0.000206
0.001251
0.000425
0.001553
0.013009
0.180592
0.030742
0.207811
0.052093
0.208028
0.003974
0.013485
0.046594
0.283274
0.108288
0.487238
0.046003
0.133668
0.068691
0.217412
0.063473
0.197032
0.001517
0.005857
0.060927
0.188628
0.039879
0.228744
0.008344
0.037304
0.008011
0.041139
0.008505
0.065263
0.000914
0.002774
0.022604
0.093096
0.043392
0.185372
0.020797
0.061190
0.026596
0.100210
0.048529
0.140608
0.002225
0.002040
0.062250
0.178398
0.086600
0.347467
0.005923
0.029802
0.016399
0.047746
0.016649
0.069913
0.000387
0.000429
0.019816
0.086701
0.015725
0.094642
0.000000
0.000000
0.000000
0.000000
0.000000
0.000000
0.000000
0.000000
0.000000
0.000000
0.000000
0.000000
0.034059
0.050234
0.014028
0.048463
0.008127
0.051484
0.004513
0.003021
0.006482
0.046187
0.004816
0.040322
0.037817
0.076448
0.056525
0.121201
0.068001
0.139313
0.006200
0.005083
0.084824
0.159806
0.157753
0.300446
0.014904
0.080471
0.030391
0.134503
0.072275
0.259149
0.001000
0.002025
0.098131
0.374764
0.144723
0.597746
0.020543
0.159146
0.059664
0.217518
0.058564
0.164639
0.000000
0.000000
0.086162
0.143376
0.125245
0.260225
0.033810
0.050729
0.015760
0.042476
0.011525
0.032404
0.004682
0.003958
0.008571
0.024690
0.013245
0.030258
0.009078
0.037429
0.016672
0.053974
0.018435
0.080924
0.000697
0.004818
0.023109
0.077205
0.037186
0.136765
0.010375
0.037046
0.014078
0.061241
0.025709
0.085121
0.001472
0.001528
0.029042
0.101968
0.028752
0.181049
0.052857
0.134893
0.081386
0.209767
0.088933
0.236585
0.004209
0.007953
0.100714
0.240686
0.115356
0.265928
0.076068
0.188118
0.058055
0.320852
0.055006
0.352747
0.010199
0.018588
0.040989
0.282424
0.098727
0.348288
0.043426
0.082917
0.025074
0.115798
0.025964
0.152681
0.011303
0.023261
0.021356
0.116657
0.040108
0.093220
0.024951
0.154557
0.029995
0.238857
0.049593
0.304662
0.000000
0.004721
0.063526
0.347849
0.095756
0.441823
0.048149
0.294960
0.063755
0.390416
0.087456
0.566451
0.015726
0.009975
0.089150
0.561386
0.153050
0.607300
0.022651
0.056842
0.021777
0.064993
0.037091
0.127864
0.008874
0.007445
0.099572
0.196934
0.072834
0.180054
0.019561
0.050252
0.023499
0.092133
0.018974
0.135209
0.012006
0.009748
0.014141
0.079510
0.000000
0.112975
0.044769
0.133743
0.052059
0.153893
0.020411
0.146920
0.012869
0.000000
0.015357
0.063013
0.018830
0.078237
0.027301
0.079709
0.017900
0.081380
0.013695
0.073283
0.005724
0.007441
0.009508
0.066637
0.004349
0.085707
0.029466
0.059020
0.038764
0.091751
0.064340
0.158760
0.002597
0.001318
0.073477
0.150010
0.054684
0.159138
0.044572
0.082927
0.020347
0.098226
0.011159
0.080869
0.011350
0.003589
0.009907
0.077059
0.006463
0.074549
0.038951
0.085695
0.052989
0.127970
0.063394
0.141547
0.002540
0.003811
0.073447
0.143538
0.033689
0.158126
0.012720
0.053548
0.006757
0.057975
0.008180
0.050611
0.001257
0.005659
0.006135
0.050320
0.006949
0.093090
0.020445
0.146164
0.017797
0.179011
0.036563
0.254367
0.002316
0.004459
0.044426
0.289277
0.032413
0.224173
0.005153
0.038658
0.013976
0.061324
0.017695
0.104938
0.000846
0.003691
0.018066
0.155202
0.003575
0.173239
0.009090
0.028212
0.006267
0.018909
0.007942
0.022472
0.000000
0.000000
0.010509
0.008958
0.000000
0.000000
0.058289
0.088213
0.129862
0.208735
0.124183
0.323355
0.003975
0.005374
0.134116
0.448940
0.330115
0.972441
0.024338
0.088622
0.022890
0.146200
0.047013
0.323088
0.008885
0.005055
0.049384
0.357176
0.047142
0.232562
0.074831
0.069862
0.061641
0.092378
0.000000
0.134549
0.057876
0.000000
0.089444
0.090127
0.000000
0.000000
0.010821
0.077577
0.012469
0.109523
0.026168
0.182520
0.002902
0.006577
0.038353
0.222887
0.043258
0.216024
0.038314
0.189285
0.043872
0.309754
0.045636
0.298572
0.005115
0.008882
0.043909
0.265045
0.106680
0.451122
0.000000
0.027544
0.000000
0.026782
0.000000
0.018433
0.029706
0.000000
0.000000
0.000000
0.000000
0.163981
0.000000
0.000000
0.000000
0.000000
0.000000
0.000000
0.000000
0.000000
0.000000
0.000000
0.000000
0.000000
0.008448
0.050666
0.033108
0.104614
0.049934
0.171463
0.000801
0.002078
0.078264
0.266243
0.153549
0.589339
0.045235
0.108904
0.032149
0.118283
0.016363
0.088538
0.000000
0.000000
0.000000
0.178250
0.000000
0.000000
0.032699
0.061110
0.033166
0.078479
0.045467
0.088654
0.002440
0.003613
0.053970
0.153849
0.089186
0.242554
0.019330
0.115110
0.026957
0.153855
0.050061
0.254914
0.000000
0.007138
0.093985
0.350524
0.113355
0.669878
0.005382
0.015065
0.004493
0.021033
0.002918
0.014067
0.000758
0.001006
0.002743
0.012507
0.003067
0.017842
0.015302
0.038216
0.017965
0.059589
0.035589
0.104781
0.001547
0.016855
0.073328
0.087619
0.112485
0.172607
0.070214
0.075825
0.080665
0.101461
0.096658
0.090689
0.005279
0.028401
0.107762
0.125891
0.126239
0.160215
0.045468
0.060627
0.058314
0.078497
0.092827
0.086368
0.003571
0.035257
0.121043
0.152713
0.200013
0.236652
0.022904
0.036133
0.047315
0.069674
0.050710
0.060643
0.002657
0.010866
0.053241
0.073485
0.063301
0.071900
0.019204
0.019235
0.016619
0.019662
0.017572
0.017493
0.001998
0.005212
0.018685
0.025460
0.029624
0.036816
0.028389
0.026589
0.023683
0.018500
0.015722
0.027467
0.000000
0.002738
0.010110
0.013945
0.011764
0.005433
0.032757
0.045082
0.053395
0.073614
0.077419
0.082796
0.001085
0.009763
0.055561
0.066510
0.046981
0.065541
0.067871
0.098571
0.092465
0.131602
0.115531
0.123342
0.006538
0.025615
0.110027
0.134463
0.122229
0.186218
0.104230
0.145492
0.129431
0.189714
0.117260
0.152905
0.005119
0.024774
0.137293
0.223070
0.253648
0.000000
