0.000000
0.000000
0.000000
0.000000
0.000000
0.000000
0.000000
0.000000
0.000000
0.000000
0.000000
0.000000
0.000000
0.000000
0.000000
0.000000
0.000000
0.000000
0.000000
0.000000
0.041177
0.000000
0.000000
0.000000
0.035471
0.137400
0.023938
0.104634
0.022996
0.085646
0.005485
0.006729
0.022553
0.096420
0.014026
0.200534
0.006565
0.007042
0.001924
0.022847
0.006449
0.026240
0.001344
0.001017
0.015338
0.040497
0.039597
0.109567
0.036166
0.069501
0.000000
0.136384
0.013282
0.067197
0.038648
0.000000
0.036758
0.048393
0.000000
0.000000
0.045909
0.117983
0.045078
0.155110
0.061279
0.190370
0.004780
0.004132
0.044591
0.136205
0.038628
0.179189
0.026075
0.086674
0.030239
0.100988
0.047620
0.170940
0.002134
0.002192
0.075096
0.222237
0.109302
0.540668
0.000000
0.014379
0.000000
0.016214
0.002395
0.010208
0.004562
0.002730
0.000000
0.000000
0.000000
0.000000
0.014862
0.097803
0.024650
0.168878
0.030267
0.192066
0.003476
0.003045
0.028779
0.191499
0.053244
0.312334
0.026137
0.091873
0.042828
0.154303
0.099907
0.237506
0.001492
0.003164
0.096716
0.209454
0.092073
0.325020
0.025312
0.049285
0.007864
0.169115
0.019580
0.097653
0.012016
0.020260
0.019327
0.140909
0.000000
0.116455
0.015303
0.053326
0.017429
0.076825
0.022033
0.081327
0.002487
0.003341
0.020591
0.086776
0.016437
0.121374
0.000000
0.006251
0.025901
0.034413
0.004016
0.012199
0.000000
0.000000
0.000000
0.000000
0.067254
0.000000
0.031016
0.111876
0.030872
0.146705
0.037510
0.149526
0.005741
0.005856
0.028684
0.153400
0.022046
0.247515
0.025581
0.076857
0.015983
0.067046
0.009900
0.057503
0.006342
0.006562
0.009222
0.071043
0.006835
0.111279
0.023066
0.101816
0.022256
0.112085
0.058703
0.199370
0.003753
0.002153
0.083286
0.281384
0.129908
0.513529
0.017988
0.050457
0.016706
0.083047
0.037135
0.153156
0.002023
0.006355
0.070412
0.252979
0.092721
0.529753
0.016225
0.055220
0.020189
0.076573
0.014790
0.072148
0.000000
0.000000
0.024490
0.071905
0.000000
0.037976
0.019577
0.098422
0.024069
0.144869
0.043471
0.195903
0.003832
0.003335
0.047141
0.217936
0.066867
0.355283
0.015728
0.044300
0.026644
0.072560
0.048671
0.149438
0.003761
0.001257
0.059049
0.154803
0.086815
0.239310
0.044583
0.087633
0.022292
0.077506
0.012734
0.061022
0.010142
0.013694
0.013064
0.069213
0.009096
0.111784
0.000623
0.001911
0.000356
0.001527
0.000222
0.001456
0.000098
0.000284
0.000201
0.001219
0.000415
0.001512
0.012679
0.176235
0.029985
0.202715
0.050802
0.202890
0.003889
0.013153
0.045447
0.276201
0.105528
0.475134
0.044823
0.130357
0.066997
0.211967
0.061891
0.192179
0.001477
0.005723
0.059409
0.183906
0.038908
0.223085
0.008140
0.036409
0.007826
0.040137
0.008299
0.063679
0.000888
0.002702
0.022059
0.090816
0.042406
0.180875
0.020291
0.059680
0.025942
0.097734
0.047335
0.137139
0.002170
0.001989
0.060719
0.173997
0.084460
0.338921
0.005776
0.029063
0.015994
0.046565
0.016239
0.068190
0.000376
0.000418
0.019331
0.084564
0.015336
0.092339
0.000000
0.000000
0.000000
0.000000
0.000000
0.000000
0.000000
0.000000
0.000000
0.000000
0.000000
0.000000
0.033224
0.048995
0.013677
0.047271
0.007931
0.050214
0.004403
0.002948
0.006326
0.045048
0.004712
0.039346
0.036845
0.074562
0.055125
0.118197
0.066325
0.135899
0.006044
0.004958
0.082742
0.155863
0.153864
0.293048
0.014542
0.078507
0.029639
0.131226
0.070482
0.252683
0.000975
0.001979
0.095703
0.365451
0.141183
0.583079
0.020037
0.155297
0.058121
0.212121
0.057064
0.160564
0.000000
0.000000
0.084112
0.139809
0.122084
0.253328
0.032978
0.049488
0.015369
0.041430
0.011238
0.031603
0.004567
0.003861
0.008354
0.024084
0.012916
0.029501
0.008858
0.036512
0.016259
0.052641
0.017976
0.078919
0.000681
0.004693
0.022531
0.075290
0.036275
0.133370
0.010115
0.036138
0.013732
0.059718
0.025074
0.083016
0.001436
0.001490
0.028323
0.099442
0.028038
0.176592
0.051548
0.131553
0.079367
0.204587
0.086733
0.230720
0.004105
0.007758
0.098220
0.234727
0.112493
0.259356
0.074170
0.183423
0.056607
0.312863
0.053645
0.343987
0.009938
0.018121
0.039962
0.275417
0.096268
0.339635
0.042357
0.080866
0.024443
0.112912
0.025333
0.148929
0.011018
0.022682
0.020825
0.113762
0.039118
0.090921
0.024347
0.150823
0.029233
0.232948
0.048389
0.297105
0.000000
0.004605
0.061983
0.339290
0.093463
0.430944
0.046938
0.287598
0.062162
0.380711
0.085254
0.552315
0.015340
0.009730
0.086983
0.547525
0.149269
0.592373
0.022118
0.055488
0.021200
0.063469
0.036195
0.124776
0.008682
0.007261
0.097129
0.192181
0.071038
0.175665
0.019111
0.049017
0.022919
0.090012
0.018552
0.131849
0.011710
0.009469
0.013822
0.077611
0.000000
0.110124
0.043658
0.130425
0.050863
0.150082
0.019918
0.143320
0.012533
0.000000
0.015000
0.061430
0.018367
0.076305
0.026635
0.077755
0.017464
0.079378
0.013359
0.071479
0.005585
0.007261
0.009272
0.064993
0.004239
0.083591
0.028730
0.057563
0.037824
0.089497
0.062758
0.154836
0.002536
0.001283
0.071679
0.146314
0.053331
0.155239
0.043479
0.080863
0.019860
0.095776
0.010882
0.078871
0.011067
0.003506
0.009668
0.075103
0.006304
0.072722
0.037985
0.083582
0.051698
0.124832
0.061816
0.138044
0.002483
0.003720
0.071651
0.140039
0.032905
0.154231
0.012416
0.052209
0.006602
0.056560
0.007977
0.049337
0.001224
0.005515
0.005987
0.049042
0.006764
0.090836
0.019943
0.142558
0.017359
0.174599
0.035659
0.248049
0.002259
0.004347
0.043317
0.282093
0.031609
0.218646
0.005026
0.037678
0.013626
0.059830
0.017242
0.102351
0.000822
0.003600
0.017623
0.151388
0.003493
0.168962
0.008886
0.027532
0.006117
0.018446
0.007771
0.021931
0.000000
0.000000
0.010251
0.008747
0.000000
0.000000
0.056847
0.086030
0.126643
0.203576
0.121110
0.315357
0.003877
0.005241
0.130799
0.437833
0.321909
0.948446
0.023752
0.086418
0.022315
0.142586
0.045879
0.315142
0.008661
0.004935
0.048143
0.348338
0.045989
0.226738
0.073217
0.068142
0.059874
0.090385
0.000000
0.131072
0.056451
0.000000
0.087242
0.087908
0.000000
0.000000
0.010550
0.075665
0.012160
0.106808
0.025520
0.177997
0.002829
0.006417
0.037407
0.217380
0.042202
0.210744
0.037362
0.184568
0.042786
0.302063
0.044510
0.291181
0.004989
0.008659
0.042822
0.258488
0.104037
0.439953
0.000000
0.026950
0.000000
0.026122
0.000000
0.018035
0.029066
0.000000
0.000000
0.000000
0.000000
0.159944
0.000000
0.000000
0.000000
0.000000
0.000000
0.000000
0.000000
0.000000
0.000000
0.000000
0.000000
0.000000
0.008251
0.049417
0.032289
0.102037
0.048692
0.167196
0.000783
0.002029
0.076313
0.259638
0.149801
0.574828
0.044259
0.106231
0.031357
0.115145
0.015960
0.086472
0.000000
0.000000
0.000000
0.173417
0.000000
0.000000
0.031895
0.059573
0.032364
0.076549
0.044343
0.086476
0.002384
0.003531
0.052633
0.150023
0.086967
0.236424
0.018863
0.112214
0.026277
0.150039
0.048842
0.248595
0.000000
0.006962
0.091675
0.341877
0.110552
0.653392
0.005250
0.014690
0.004381
0.020508
0.002846
0.013716
0.000739
0.000982
0.002673
0.012197
0.002988
0.017411
0.014927
0.037269
0.017521
0.058125
0.034712
0.102184
0.001510
0.016487
0.071623
0.085382
0.109926
0.168137
0.068564
0.073905
0.078769
0.098894
0.094360
0.088307
0.005148
0.027779
0.105240
0.122706
0.123326
0.156015
0.044413
0.059085
0.056950
0.076534
0.090647
0.084082
0.003482
0.034486
0.118228
0.148795
0.195461
0.230400
0.022386
0.035209
0.046245
0.067876
0.049539
0.059048
0.002592
0.010625
0.052000
0.071605
0.061836
0.070035
0.018749
0.018740
0.016237
0.019157
0.017170
0.017034
0.001949
0.005093
0.018254
0.024813
0.028950
0.035877
0.027682
0.025917
0.023113
0.018008
0.015369
0.026738
0.000000
0.002669
0.009868
0.013575
0.011498
0.005316
0.031994
0.043930
0.052163
0.071730
0.075635
0.080599
0.001058
0.009549
0.054278
0.064798
0.045903
0.063866
0.066303
0.096047
0.090331
0.128240
0.112830
0.120086
0.006381
0.025035
0.107482
0.130949
0.119500
0.181364
0.101833
0.141729
0.126444
0.184832
0.114521
0.148865
0.005003
0.024225
0.134092
0.217413
0.248001
0.000000
